[gd_scene format=3 uid="uid://c115r8mocvqq8"]

[ext_resource type="PackedScene" uid="uid://b32440loh4ttm" path="res://block.tscn" id="1_3hls8"]
[ext_resource type="PackedScene" uid="uid://cv5xvuq2rh5ot" path="res://steve.tscn" id="2_hbghi"]
[ext_resource type="Environment" uid="uid://da0e0resk3erv" path="res://Resources/level_1_environment.tres" id="4_ihfcg"]
[ext_resource type="PackedScene" uid="uid://dbxs52if8rhw0" path="res://coin.tscn" id="5_rka8t"]

[sub_resource type="StandardMaterial3D" id="StandardMaterial3D_rka8t"]
albedo_color = Color(0.58197993, 0.004520995, 1.1552316, 1)
metallic = 0.05
roughness = 0.0

[sub_resource type="BoxMesh" id="BoxMesh_ilcil"]
material = SubResource("StandardMaterial3D_rka8t")
size = Vector3(10, 0.5, 10)

[sub_resource type="BoxShape3D" id="BoxShape3D_3hls8"]
size = Vector3(10, 0.5, 10)

[node name="Level1" type="Node3D" unique_id=167113189]

[node name="Camera3D" type="Camera3D" parent="." unique_id=2120516663]
transform = Transform3D(0.99919105, -0.007157255, -0.039572135, 0.021254722, 0.9293485, 0.36859137, 0.03413818, -0.3691343, 0.9287488, -0.32582068, 2.5122366, 7.43586)

[node name="Floor" type="StaticBody3D" parent="." unique_id=643779670]
transform = Transform3D(1, 0, 0, 0, 1, 0, 0, 0, 1, 0, -0.25, 0)
metadata/_edit_group_ = true

[node name="MeshInstance3D" type="MeshInstance3D" parent="Floor" unique_id=1810236101]
mesh = SubResource("BoxMesh_ilcil")

[node name="CollisionShape3D" type="CollisionShape3D" parent="Floor" unique_id=176887516]
shape = SubResource("BoxShape3D_3hls8")

[node name="DirectionalLight3D" type="DirectionalLight3D" parent="." unique_id=1003836931]
transform = Transform3D(0.9919785, -0.04565212, 0.11787512, -0.07518251, 0.5365621, 0.84050506, -0.101618156, -0.84262514, 0.5288259, 0.4186468, 11.118393, 6.777594)
shadow_enabled = true

[node name="Blocks" type="Node3D" parent="." unique_id=1053120001]

[node name="Block1" parent="Blocks" unique_id=1439476367 instance=ExtResource("1_3hls8")]
transform = Transform3D(1, 0, 0, 0, 0.5301117, -0.8479278, 0, 0.8479278, 0.5301117, 0, 3, 0)

[node name="Block2" parent="Blocks" unique_id=689159395 instance=ExtResource("1_3hls8")]
transform = Transform3D(0.820002, 0.30341503, -0.48532045, -0.57236063, 0.4346927, -0.6953026, 0, 0.8479279, 0.53011173, 0, 4.640191, 0)

[node name="Block3" parent="Blocks" unique_id=965023289 instance=ExtResource("1_3hls8")]
transform = Transform3D(1, 0, 0, 0, 0.5301117, -0.8479278, 0, 0.8479278, 0.5301117, 0, 6.6035547, 0)

[node name="Block4" parent="Blocks" unique_id=1437837842 instance=ExtResource("1_3hls8")]
transform = Transform3D(1, 0, 0, 0, 0.8107166, -0.58543897, 0, 0.58543897, 0.8107166, 0, 8.900601, 0)

[node name="Steve" parent="." unique_id=860385635 instance=ExtResource("2_hbghi")]
transform = Transform3D(1, 0, 0, 0, 1, 0, 0, 0, 1, -3, 1, 0)

[node name="Coin1" parent="." unique_id=1192698193 instance=ExtResource("5_rka8t")]
transform = Transform3D(-0.08597332, 0.9962914, -0.0034603393, 0, -0.0034731992, -0.9999939, -0.99629736, -0.08597283, 0.00029860256, 2, 1.0627098, -0.3168993)

[node name="WorldEnvironment" type="WorldEnvironment" parent="." unique_id=506671905]
environment = ExtResource("4_ihfcg")
